10
57
58
22
55
47
91
24
1
74
29
31
48
40
16
92
51
96
32
67
45
14
44
55
53
55
49
51
28
92
81
65
18
49
67
6
97
80
68
37
71
48
25
96
92
88
88
89
47
60
37
70
9
36
50
49
12
60
42
31
11
48
59
0
19
78
62
86
65
81
20
31
3
28
48
83
82
28
8
7
94
51
3
1
77
48
56
80
42
13
76
38
93
75
6
49
49
20
60
24
6
81
58
13
5
31
71
4
74
10
12
5
8
2
17
99
5
70
87
13
44
58
40
15
44
56
18
78
51
51
55
4
93
17
79
22
36
76
4
52
12
0
70
5
48
83
7
97
91
29
2
32
78
51
8
83
79
44
28
41
47
84
96
80
57
73
6
16
93
6
9
50
73
87
1
58
87
8
76
70
97
99
46
41
19
48
54
60
58
99
68
8
83
45
96
71
2
16
47
29
92
84
56
35
64
82
63
7
81
27
30
14
38
9
46
15
89
2
56
66
10
48
69
13
56
36
69
98
28
47
76
46
21
3
23
34
61
42
12
61
10
22
20
86
67
26
87
28
98
64
60
23
90
96
12
57
9
92
80
55
35
38
10
47
60
36
52
76
24
51
89
4
62
68
62
13
90
40
21
10
47
54
52
22
2
63
40
37
72
17
74
98
56
13
92
28
80
79
33
68
46
9
86
21
76
81
92
60
77
83
91
83
47
24
58
4
82
56
30
19
55
31
29
65
38
35
47
33
86
93
0
90
62
95
14
6
53
81
42
82
80
9
61
45
0
94
5
27
99
4
85
96
31
39
23
35
78
40
46
6
94
49
15
51
13
25
73
44
57
49
92
63
69
92
40
70
80
48
44
51
24
70
22
40
68
43
23
5
98
58
2
23
75
3
53
90
65
97
76
78
28
92
98
16
82
44
84
88
4
67
45
86
9
95
36
38
37
49
72
1
20
39
14
31
99
87
9
99
72
9
3
26
13
5
4
44
58
99
16
20
32
2
67
87
95
7
12
20
96
16
64
19
92
39
0
64
20
77
53
67
5
33
29
15
86
98
71
72
22
71
93
74
67
32
69
39
12
58
14
69
75
32
53
38
52
68
24
28
11
78
56
54
17
19
79
40
29
50
41
55
7
60
46
59
26
52
94
45
60
98
99
65
44
94
95
47
63
92
84
41
92
54
13
32
57
41
22
60
76
10
7
26
92
23
0
78
19
88
91
25
16
52
26
19
34
9
11
50
23
29
91
9
27
10
55
52
85
17
92
86
28
18
61
75
52
4
34
87
93
85
8
34
37
73
63
81
45
48
9
63
36
82
80
60
12
20
68
35
43
84
29
64
7
42
80
93
52
70
84
70
62
61
54
11
98
57
17
10
72
97
41
10
23
26
77
76
71
44
4
72
92
29
97
80
37
65
22
73
42
94
3
79
27
22
5
40
47
11
61
33
41
43
27
1
43
59
4
7
11
10
44
11
51
26
45
16
1
3
97
97
29
39
7
38
11
31
97
42
8
48
98
67
46
46
71
15
76
14
69
78
25
42
58
77
72
16
65
13
69
8
27
32
26
74
51
11
80
60
2
1
82
64
49
65
16
70
34
89
55
82
17
33
73
21
95
73
59
31
20
44
3
24
34
23
18
91
47
77
48
81
76
55
84
46
2
61
87
32
18
61
38
81
15
24
83
14
11
15
45
38
7
7
11
47
5
73
10
54
37
6
28
70
4
74
78
99
16
48
15
14
32
14
31
0
40
7
90
81
34
44
69
54
81
15
23
86
67
87
62
66
18
0
8
84
68
46
41
95
43
50
79
46
40
33
10
18
84
10
79
90
29
95
67
50
11
36
29
24
74
16
72
36
89
36
80
17
97
34
84
5
12
75
85
91
14
49
29
16
90
81
82
25
58
25
40
91
52
34
38
41
25
40
66
47
23
75
91
7
12
74
43
42
7
11
7
57
14
63
2
10
94
84
15
82
42
1
63
73
49
65
38
21
0
56
51
52
31
3
98
5
91
79
87
46
87
9
73
72
5
90
40
20
85
38
22
78
66
3
8
24
61
16
93
84
46
23
79
27
42
73
45
43
71
68
38
72
84
63
57
72
81
98
80
9
39
9
26
88
8
24
55
75
5
5
78
10
13
2
75
63
71
57
88
34
89
34
62
81
39
56
89
97
3
8
76
73
11
31
16
44
6
51
85
79
76
18
2
8
80
28
53
93
20
90
55
92
91
4
15
69
32
75
42
24
8
87
10
42
2
45
82
20
52
2
29
23
31
87
89
53
21
41
12
10
62
25
73
51
27
21
71
53
93
41
94
13
87
58
50
19
92
15
92
40
74
36
49
2
44
60
85
10
87
6
85
36
83
84
61
52
68
25
53
76
47
5
56
35
17
4
78
40
96
72
71
76
72
55
45
58
64
77
47
21
49
78
88
94
74
8
19
14
74
4
1
7
15
12
13
47
28
98
5
43
34
40
45
14
80
12
1
21
72
82
9
72
15
96
77
46
48
10
3
2
54
40
59
30
53
21
38
21
10
81
36
74
66
35
36
33
20
38
78
81
41
27
0
99
33
49
54
5
20
24
17
64
19
2
88
21
24
48
53
90
46
61
82
34
10
2
11
90
43
98
8
68
44
57
80
62
76
81
10
15
77
4
41
55
1
69
51
96
33
49
11
49
96
78
23
51
16
96
85
83
98
36
70
4
4
58
70
78
35
67
95
84
58
41
96
11
85
95
69
15
85
48
49
7
84
39
21
41
41
85
84
20
35
4
93
46
67
24
8
39
42
20
9
60
28
47
64
0
90
73
82
81
53
73
97
47
79
1
85
31
81
81
39
3
52
97
80
62
91
10
59
87
45
52
61
86
31
10
74
91
20
30
97
84
52
25
20
2
4
87
82
75
4
48
54
47
65
71
28
72
34
20
80
36
61
94
79
0
10
42
98
8
87
47
87
70
4
99
87
90
60
30
94
24
1
94
57
81
16
72
13
48
20
39
85
86
85
99
74
16
90
27
69
69
92
8
11
97
10
3
92
14
89
30
77
41
90
72
19
19
27
22
14
78
67
73
40
88
13
58
51
4
44
46
5
45
6
44
5
39
14
21
61
55
77
62
24
87
9
37
62
25
13
42
67
14
97
0
39
62
50
61
77
46
9
98
7
1
89
36
99
17
28
77
12
4
0
52
10
27
42
0
33
21
11
35
41
56
19
38
16
9
7
54
65
47
44
11
60
71
18
20
22
7
96
27
23
18
88
65
60
19
43
91
8
54
19
82
3
67
9
9
85
12
36
97
70
60
32
45
54
7
44
0
9
9
17
80
60
75
43
64
86
20
46
17
67
13
31
19
10
25
51
20
68
0
17
31
93
83
68
84
27
52
23
67
13
50
75
13
41
83
26
4
82
31
12
78
67
15
61
27
94
8
89
38
99
70
92
34
64
94
99
82
63
59
65
91
17
61
38
82
77
56
40
58
21
44
63
81
77
43
39
35
10
45
30
5
53
57
23
23
69
20
83
27
23
1
6
38
46
48
78
86
16
73
29
68
81
22
85
1
50
61
77
67
89
96
10
12
75
57
47
73
26
58
95
10
46
75
94
76
20
79
75
61
91
98
61
0
31
8
20
0
91
84
83
63
50
87
29
87
15
48
29
13
98
58
86
51
27
96
64
7
90
17
1
83
9
47
49
56
3
43
73
43
1
75
78
91
95
5
90
44
99
4
36
6
38
56
38
1
62
75
32
1
53
71
68
79
81
88
44
7
52
46
40
2
62
52
89
15
65
48
15
97
21
19
12
20
82
61
94
89
91
10
71
61
17
12
63
51
77
29
23
57
23
1
89
92
8
2
69
76
67
60
59
59
20
52
54
52
65
16
1
35
91
16
37
88
89
77
52
41
96
6
21
3
96
66
52
99
38
5
97
33
91
62
41
94
44
34
29
20
88
18
44
47
64
5
84
65
18
29
57
89
67
32
2
12
94
54
25
33
0
69
89
47
74
94
3
54
70
99
30
39
87
71
40
49
28
69
55
68
8
5
20
1
36
33
75
52
6
4
20
35
15
69
90
88
71
27
11
11
84
54
84
58
57
82
31
16
42
47
7
13
26
72
31
11
28
58
44
40
40
33
28
60
37
95
92
58
16
77
82
92
48
99
68
75
35
7
42
61
34
1
78
21
1
31
39
29
80
19
7
91
75
52
91
58
96
10
9
81
38
41
20
50
96
25
37
29
41
79
13
64
80
62
44
71
97
13
92
97
3
37
90
33
52
87
75
23
22
54
95
43
36
27
77
25
78
62
87
96
22
86
28
64
69
62
95
71
33
35
86
15
29
58
85
30
70
98
61
12
97
87
22
34
72
62
1
60
58
49
99
88
47
83
51
87
71
65
9
21
94
92
17
61
26
95
11
11
54
22
26
65
61
93
81
61
11
11
80
57
14
66
48
30
11
11
45
31
52
39
14
90
64
49
81
61
55
41
84
15
40
34
52
42
76
44
16
60
60
81
78
18
79
92
70
20
9
5
4
83
3
46
79
96
97
31
2
9
27
41
23
66
29
22
73
21
66
2
10
10
30
83
85
59
74
20
31
97
43
6
93
61
11
71
90
25
45
77
18
91
85
76
81
1
15
12
35
64
53
49
90
60
36
32
11
48
36
47
35
95
55
34
37
66
19
27
96
4
41
35
75
85
67
85
13
23
39
67
79
56
6
61
29
37
59
68
80
27
44
28
15
78
3
85
98
42
82
15
36
73
97
57
57
7
49
54
82
68
23
47
37
50
44
40
42
39
28
82
36
65
6
81
35
93
45
48
6
62
92
94
56
44
64
16
36
74
32
69
69
72
96
1
5
93
39
99
14
40
71
10
7
22
46
67
14
90
29
37
78
97
14
62
92
49
79
94
40
41
39
7
9
94
22
32
59
57
48
38
72
86
3
40
73
41
52
22
28
95
93
30
59
20
10
64
73
60
98
49
45
68
34
7
47
40
72
56
95
43
74
44
65
99
94
92
3
62
37
93
34
82
96
10
40
6
63
32
7
1
61
28
95
12
54
6
46
56
0
45
77
58
45
46
28
12
58
70
15
69
40
13
52
97
41
45
48
15
2
65
45
44
8
95
74
24
6
16
7
67
44
51
93
95
25
19
38
62
76
27
58
84
86
49
49
41
77
96
85
36
4
56
76
20
18
74
87
97
86
48
61
18
89
38
39
1
31
52
67
99
83
14
8
32
97
7
30
83
19
53
5
44
90
12
51
91
92
29
36
58
10
47
9
75
10
43
51
24
82
61
17
88
89
95
34
3
67
0
46
49
77
86
14
79
92
66
91
67
86
33
42
12
47
69
79
47
29
72
26
97
75
18
75
12
20
78
50
48
24
23
93
44
33
97
51
42
64
30
67
2
96
64
17
74
3
97
50
62
84
55
66
27
64
26
63
41
37
75
13
0
98
6
25
79
28
24
79
97
28
99
68
14
29
92
6
60
81
28
18
71
76
71
36
42
91
61
29
34
32
86
68
46
15
6
79
16
14
98
96
51
99
90
37
4
74
44
31
31
78
94
0
0
85
20
52
47
59
17
55
6
41
32
85
18
58
86
10
74
39
51
1
4
97
75
63
92
75
4
90
50
52
90
24
28
64
44
62
60
17
4
12
22
87
21
69
76
80
19
88
11
56
28
24
72
65
43
80
31
91
85
75
18
66
62
32
43
35
52
2
20
78
33
89
86
29
23
32
37
86
89
84
18
10
40
51
98
42
11
35
59
84
81
74
57
92
54
25
33
14
81
13
94
55
53
58
60
91
6
8
82
40
99
8
19
82
15
95
54
88
13
59
84
84
21
10
26
36
56
97
67
96
95
10
84
48
37
54
28
17
35
83
56
44
30
64
20
63
44
4
26
9
88
79
76
71
52
81
93
72
53
47
26
45
58
35
48
33
28
69
5
28
58
57
61
17
21
13
58
86
1
13
64
64
68
78
55
87
76
45
43
11
99
19
2
15
89
30
48
66
75
71
16
12
39
28
35
51
49
10
76
43
17
31
63
68
30
37
7
63
51
71
30
93
45
82
11
91
46
68
27
19
69
17
33
16
6
10
97
97
21
51
84
29
3
98
83
39
50
78
85
29
67
67
4
69
37
90
60
7
19
37
14
68
14
66
31
5
87
52
47
97
38
88
79
36
17
66
9
32
10
84
4
21
74
56
11
81
15
21
89
99
82
25
55
97
87
78
15
58
74
42
30
14
42
14
65
49
49
98
87
14
12
36
90
24
17
23
5
72
99
95
3
2
33
79
68
91
92
53
73
32
34
76
4
84
72
8
13
84
76
80
39
27
88
88
84
22
0
41
49
22
94
62
42
9
93
92
39
32
59
72
80
74
81
54
75
83
1
90
27
44
70
54
12
94
81
42
70
22
43
51
15
43
0
96
82
68
2
32
82
5
34
82
33
97
93
75
74
75
47
65
17
33
75
80
70
3
3
65
67
29
2
12
24
99
83
12
86
78
72
91
28
47
57
0
51
97
60
52
13
92
2
52
53
37
99
56
37
94
87
6
32
74
65
71
98
58
66
39
71
43
83
24
97
48
23
48
44
85
12
85
40
66
37
51
32
97
10
56
9
31
96
20
69
61
55
51
87
92
62
88
41
16
79
13
50
65
12
52
90
73
78
5
43
17
80
18
93
87
20
90
78
57
22
67
77
80
14
93
62
69
37
19
27
40
84
16
1
23
33
39
5
62
38
18
34
89
12
10
81
39
41
44
81
13
19
50
15
80
8
73
29
51
52
48
98
13
70
4
11
77
67
97
80
68
90
0
51
93
91
93
72
19
57
73
14
62
2
15
65
3
17
57
84
74
64
34
83
91
76
30
53
25
77
50
35
20
87
70
41
81
55
33
6
80
40
1
80
74
33
44
87
1
15
63
26
61
5
13
28
44
12
64
20
82
50
44
60
28
18
48
84
43
29
72
79
46
54
33
20
53
28
0
87
24
66
78
32
64
90
24
33
0
65
88
19
84
96
71
66
23
69
43
65
48
39
16
82
21
63
50
20
39
99
0
47
85
1
36
41
35
69
68
38
30
80
63
95
63
77
40
57
42
21
76
4
30
80
60
55
88
60
68
26
0
6
87
71
75
76
15
39
90
52
24
60
31
8
65
16
96
23
58
69
93
29
66
53
19
55
10
46
63
77
99
71
17
45
17
5
87
84
28
8
29
37
88
38
15
54
14
10
13
32
34
47
43
55
88
88
98
22
82
44
12
81
87
31
36
52
75
7
69
17
52
41
13
55
97
56
33
45
41
89
72
54
87
30
97
39
42
0
19
64
0
92
53
76
76
13
15
99
76
36
40
54
9
2
60
49
98
59
62
46
8
68
88
35
2
34
95
78
59
54
19
20
17
30
10
91
53
90
17
2
25
84
73
68
68
34
32
1
24
10
29
61
86
40
53
65
33
24
52
7
5
22
8
16
28
62
49
34
68
78
62
77
57
92
0
30
49
39
4
70
58
45
3
13
46
29
87
10
43
30
73
39
26
36
36
75
10
9
44
72
71
53
90
32
13
99
84
76
79
47
12
80
56
60
60
14
86
87
38
93
41
83
98
14
95
32
85
81
66
26
83
46
36
35
6
96
32
73
2
24
72
43
1
83
7
44
28
85
88
53
19
78
93
16
22
23
92
45
65
46
73
14
68
83
61
63
0
3
50
35
65
40
79
47
81
63
50
44
98
30
65
41
28
16
67
87
66
10
45
56
47
10
62
99
93
12
79
98
2
30
23
12
83
72
99
22
90
52
82
88
19
76
53
17
71
89
42
38
54
60
46
45
7
93
73
51
62
77
18
56
51
90
21
64
10
85
98
85
79
65
18
25
10
39
84
34
63
24
26
0
